id,EAP,HPL,MWS
id02310,0.000157414,1.25E-05,0.999830133
id24541,0.999999966,3.34E-08,2.29E-10
id00134,0.002127314,0.997872662,2.41E-08
id27757,0.198284996,0.801715003,8.94E-10
id04081,0.96576239,0.009470173,0.024767436
id27337,0.993074314,0.006916137,9.55E-06
id24265,0.955947149,0.032304421,0.01174843
id25917,1.02E-05,0.000176571,0.999813208
id04951,0.99999681,3.19E-06,6.69E-13
id14549,0.961494053,0.00546819,0.033037757
id22505,0.000469707,0.011727179,0.987803114
id24002,1.85E-11,1,3.43E-13
id18982,0.019814536,0.801142916,0.179042549
id15181,3.97E-07,0.999999601,1.83E-09
id21888,0.677001786,0.145016475,0.17798174
id12035,5.80E-06,1.25E-06,0.999992948
id17991,0.042528122,0.000858341,0.956613537
id10707,1,1.66E-15,3.41E-13
id07101,0.197772804,0.002015798,0.800211397
id00345,0.063219713,0.936755374,2.49E-05
id05912,0.980063896,0.003631725,0.016304379
id13443,0.999906788,3.02E-07,9.29E-05
id09248,0.033121974,0.026572959,0.940305066
id17542,0.003001573,0.995619854,0.001378573
id06995,0.000588899,8.87E-10,0.9994111
id25159,0.232814039,0.003207162,0.763978799
id25729,0.952947742,0.044715521,0.002336737
id26949,0.996741337,0.002953355,0.000305308
id27191,0.00382058,6.51E-10,0.996179419
id07668,0.001214815,6.00E-12,0.998785185
id02230,0.000606352,0.009205492,0.990188156
id15553,1,1.63E-13,1.22E-10
id25688,1.29E-10,0.999999999,9.11E-10
id17545,0.999301484,2.33E-05,0.000675242
id13929,0.327254805,0.582559867,0.090185328
id12880,0.247189101,0.631106248,0.121704651
id19282,0.752065172,0.042145351,0.205789477
id14690,0.000287749,9.14E-07,0.999711337
id17975,2.31E-05,0.99997386,3.01E-06
id08037,0.999309586,3.62E-09,0.00069041
id15412,0.008220494,0.000200533,0.991578973
id25032,0.490236055,0.059610119,0.450153826
id27165,0.999999939,3.92E-09,5.75E-08
id03327,0.924438366,0.075324262,0.000237372
id18515,0.996970498,0.000449308,0.002580194
id21003,0.000777983,0.000376945,0.998845072
id23855,1.90E-06,0.994069393,0.005928705
id20724,0.597118756,0.247237177,0.155644068
id13303,0.784125315,0.008515801,0.207358884
id16521,3.60E-06,0.215959681,0.784036722
id20775,1,5.19E-12,2.75E-13
id13029,0.999996431,2.54E-06,1.03E-06
id14660,0.79992498,0.194183372,0.005891648
id11028,7.33E-07,5.13E-10,0.999999267
id14180,0.999026731,0.000964707,8.56E-06
id25860,0.999999999,9.84E-10,6.65E-13
id11910,0.066244885,4.15E-06,0.933750961
id08065,0.006927835,0.000204169,0.992867996
id22674,4.18E-07,4.72E-10,0.999999581
id25018,0.027122154,1.20E-05,0.972865861
id10892,1.32E-07,0.999999852,1.55E-08
id10217,0.010746833,0.98925256,6.07E-07
id12996,0.031525583,0.037437259,0.931037159
id18262,0.997582306,0.00068745,0.001730244
id08606,5.74E-09,0.999999991,3.29E-09
id17233,0.899599469,0.027556813,0.072843718
id00101,0.971378711,0.027505168,0.001116121
id12225,0.912954417,0.083250757,0.003794826
id01364,0.003922832,0.996049861,2.73E-05
id24973,0.46892712,0.00023767,0.530835209
id25363,0.759665652,8.13E-16,0.240334348
id10061,0.882498171,0.000531288,0.116970541
id17673,0.008200522,0.991704451,9.50E-05
id13249,0.206413919,0.016920511,0.776665569
id10107,4.92E-06,2.81E-09,0.999995081
id04403,0.999999877,6.60E-11,1.23E-07
id25728,0.942544041,0.007659732,0.049796227
id16184,0.14702646,0.076960293,0.776013248
id03438,7.80E-07,3.74E-11,0.99999922
id22923,0.000677034,0.999322041,9.25E-07
id08610,0.999999883,1.79E-09,1.15E-07
id25355,0.000791316,4.50E-05,0.999163636
id16916,0.557067916,0.43507914,0.007852944
id12793,6.65E-06,0.999993056,2.90E-07
id11859,0.517440528,0.132126979,0.350432492
id02434,1,2.14E-17,8.76E-19
id27703,2.06E-05,6.78E-09,0.999979348
id25212,2.16E-05,0.99997826,1.60E-07
id11308,0.08786438,0.013935533,0.898200087
id26094,0.999964232,3.36E-05,2.19E-06
id22080,0.710613856,0.286465013,0.002921131
id03545,0.999833002,0.000166988,9.56E-09
id23725,4.84E-07,0.000143938,0.999855578
id12009,0.985387657,0.013648635,0.000963709
id24241,0.294930863,0.232280931,0.472788206
id03596,2.58E-06,0.999997403,1.95E-08
id10749,0.094682864,0.904851195,0.000465941
id22794,4.64E-10,8.13E-09,0.999999991
id15482,0.638321818,0.32326004,0.038418142
id04833,0.994327456,0.005667889,4.65E-06
id00397,3.23E-09,3.55E-18,0.999999997
id14691,3.27E-07,8.31E-10,0.999999672
id05193,0.003385326,2.72E-06,0.996611952
id19541,0.985261629,1.83E-05,0.014720066
id22166,9.39E-13,3.91E-13,1
id20744,1.08E-07,2.30E-11,0.999999892
id10392,5.71E-16,3.07E-17,1
id00770,0.99984474,0.000140157,1.51E-05
id06018,0.166299801,0.833688526,1.17E-05
id15678,0.008239279,2.27E-07,0.991760495
id08305,0.963611423,0.035840816,0.000547761
id08903,0.010677668,0.000621654,0.988700678
id14752,0.00946078,0.990537375,1.85E-06
id12468,1.41E-06,0.999998583,4.10E-09
id05085,0.133034903,0.86677766,0.000187437
id21993,0.056604852,4.99E-05,0.943345213
id15503,0.965425337,0.034064755,0.000509907
id03021,2.98E-20,1,5.08E-22
id16123,1,2.01E-15,5.10E-17
id19383,0.999999989,1.04E-08,1.17E-10
id04186,0.99999988,5.57E-10,1.19E-07
id17954,9.67E-11,2.57E-17,1
id12030,0.104163824,0.000414841,0.895421336
id13020,0.622895719,0.377076594,2.77E-05
id25327,1.30E-07,0.740858095,0.259141775
id16344,0.080265055,0.007184549,0.912550396
id12303,0.062633996,0.932417589,0.004948415
id15017,0.999990514,9.49E-06,1.38E-13
id22308,0.247697624,0.025029612,0.727272764
id06536,9.23E-11,3.55E-08,0.999999964
id19797,0.011334504,0.983711811,0.004953685
id06332,0.286593943,0.707654513,0.005751544
id22941,0.041611864,0.054608143,0.903779993
id13547,1.89E-05,5.07E-05,0.9999304
id06928,1.12E-05,1.20E-08,0.999988838
id12521,0.752013624,0.247946349,4.00E-05
id25716,0.854585027,0.006878108,0.138536865
id27116,5.82E-10,5.30E-18,0.999999999
id19941,4.92E-06,0.9999407,5.44E-05
id05711,8.68E-11,2.07E-12,1
id02097,1.44E-09,6.21E-05,0.999937857
id03563,3.30E-06,0.999996699,2.39E-09
id02295,0.088811604,0.86080373,0.050384666
id08179,,,
id05332,0.000271393,0.998070662,0.001657945
id15697,0.956681841,7.11E-05,0.043247044
id17026,0.001670573,6.48E-05,0.998264617
id04243,0.999996505,3.45E-06,4.40E-08
id13175,1,4.46E-31,0
id05387,0.999317193,4.46E-07,0.000682361
id19989,0.960663834,0.028356883,0.010979284
id25173,0.00927099,1.79E-05,0.990711138
id08925,0.000699031,0.999300388,5.81E-07
id03034,6.38E-05,0.999071408,0.000864769
id13272,1.79E-10,0.999999998,1.34E-09
id07956,0.998784794,8.87E-06,0.001206331
id02648,0.000174392,4.23E-05,0.999783275
id01778,0.004942726,7.59E-06,0.995049684
id12846,3.15E-08,1.32E-14,0.999999968
id19001,0.290902451,0.000429957,0.708667592
id05763,0.875440671,0.030120143,0.094439186
id15590,4.73E-09,3.47E-11,0.999999995
id04912,0.697625254,0.07382604,0.228548706
id21201,0.996248992,0.003689694,6.13E-05
id13215,0.999980767,4.97E-08,1.92E-05
id15612,0.014621327,0.985307239,7.14E-05
id18501,0.007118752,0.000415666,0.992465582
id07223,0.207279099,0.656568801,0.136152099
id06707,0.287903495,0.351514868,0.360581637
id05238,1.25E-13,1,1.39E-14
id00935,2.20E-06,0.000167393,0.999830403
id00110,0.011320299,6.30E-10,0.988679701
id17476,0.999483602,0.000339814,0.000176584
id15170,0.999999942,5.75E-08,1.42E-12
id13397,0.06412321,0.000916469,0.93496032
id24283,0.759162264,0.149067154,0.091770581
id15234,0.999845818,0.00015383,3.52E-07
id16884,0.890775822,0.095530632,0.013693546
id07831,0.36240045,0.532827592,0.104771959
id16038,0.852042303,0.144321723,0.003635974
id03629,0.954003098,0.014680807,0.031316095
id21019,0.968593437,0.024486139,0.006920424
id21835,0.159806234,0.335453865,0.504739901
id04480,4.53E-07,0.999999547,1.63E-12
id20838,0.950194472,0.046708929,0.003096599
id24195,0.648167315,0.209958027,0.141874657
id05448,0.996935307,0.003039458,2.52E-05
id15957,0.006354429,0.993514201,0.00013137
id19956,1.26E-06,6.70E-12,0.999998735
id15104,2.70E-05,0.000636192,0.999336804
id17559,0.828016939,0.140536488,0.031446573
id16839,0.008943828,0.068260962,0.92279521
id14493,0.33653261,0.002694789,0.660772601
id08833,0.870892014,0.000113927,0.128994059
id15723,0.023009295,0.001613318,0.975377388
id02716,0.999999822,7.51E-08,1.03E-07
id06689,0.000108203,0.999864059,2.77E-05
id18837,0.624413426,3.44E-05,0.375552169
id04466,0.999990868,7.34E-06,1.79E-06
id00686,0.999990556,1.50E-06,7.95E-06
id09010,0.002358514,0.997630656,1.08E-05
id23353,0.985382635,0.000662546,0.01395482
id00066,0.652728449,0.341088372,0.006183179
id15724,0.000354613,0.999601336,4.41E-05
id23486,0.025317024,0.004594171,0.970088805
id22258,0.000388136,8.53E-05,0.999526609
id02292,0.620415684,0.253344428,0.126239888
id16356,0.024059796,1.58E-05,0.975924407
id00235,0.999569276,6.63E-08,0.000430657
id25522,0.000388997,8.80E-07,0.999610123
id04204,0.002984866,0.996869732,0.000145401
id22016,0.700591381,0.069219619,0.230189
id06480,6.29E-05,0.999934001,3.10E-06
id08718,0.002232393,4.07E-08,0.997767567
id05251,3.15E-09,0.999999997,2.26E-10
id03359,0.992868778,0.007111081,2.01E-05
id16117,3.12E-05,1.14E-08,0.999968787
id17000,1.30E-08,0.999999987,8.80E-11
id01730,7.17E-06,0.999992814,1.51E-08
id00630,0.32554478,0.673544535,0.000910685
id18175,0.001192019,4.05E-07,0.998807575
id00907,0.998598828,0.001003061,0.000398111
id18251,3.68E-08,0.999999963,4.47E-11
id25861,0.173545567,0.14752766,0.678926773
id00398,0.712896339,0.141510892,0.145592769
id27573,0.999999999,9.60E-12,1.03E-09
id10022,3.57E-08,0.999727499,0.000272465
id15901,3.93E-07,1.67E-13,0.999999607
id00451,0.000483221,5.21E-05,0.999464638
id23129,0.003240916,0.996744993,1.41E-05
id26498,0.071654897,0.928201628,0.000143475
id14741,0.014413128,0.98311433,0.002472542
id18453,0.000150519,1.26E-05,0.99983687
id08309,0.983574989,0.012601557,0.003823453
id00320,1,3.56E-14,1.12E-11
id07688,0.014607102,0.002423181,0.982969717
id01556,5.85E-05,1.74E-07,0.999941355
id00178,0.703353994,4.16E-07,0.29664559
id18902,0.000187578,0.00179611,0.998016312
id27002,0.1058935,0.885080265,0.009026235
id21418,1,1.79E-11,3.49E-15
id23018,0.692354902,0.024343498,0.2833016
id07032,0.006999378,0.002371939,0.990628683
id16195,0.725104395,0.000806744,0.274088861
id11202,0.002742117,0.997086394,0.000171488
id09578,0.649631925,0.08644773,0.263920345
id26984,0.736752114,0.001177992,0.262069894
id19856,2.18E-05,0.999977479,7.29E-07
id12086,0.446470726,0.030906449,0.522622824
id12052,0.001284905,0.000934615,0.99778048
id17728,9.22E-10,3.90E-10,0.999999999
id24608,0.973010506,0.00042865,0.026560844
id21097,0.001601713,3.12E-05,0.998367054
id20179,9.66E-14,4.29E-18,1
id15144,0.585086654,0.172111197,0.242802149
id00206,0.999940819,6.16E-07,5.86E-05
id22285,0.000105866,2.43E-05,0.999869824
id06417,0.00164564,0.601198334,0.397156026
id00215,1.05E-05,0.999989513,1.97E-09
id04201,0.715540018,0.001257138,0.283202843
id21771,0.997160695,0.001886573,0.000952732
id12451,3.14E-05,0.800071653,0.199896923
id14250,0.001426065,0.915860275,0.08271366
id03433,6.54E-05,0.999894156,4.05E-05
id03303,0.005260506,1.76E-06,0.994737738
id25901,0.123175315,0.545573606,0.331251079
id06945,0.9574735,0.00041779,0.042108709
id05664,0.742223753,0.004043908,0.253732338
id05741,0.999999999,9.47E-15,7.00E-10
id10652,0.735751833,0.195741081,0.068507086
id16300,0.999962815,1.46E-05,2.26E-05
id12319,0.286428634,0.075380774,0.638190592
id07500,4.73E-06,0.999995274,9.49E-14
id12478,0.159749758,0.214685745,0.625564497
id03076,4.51E-05,5.37E-11,0.999954933
id00969,0.084333233,0.913569314,0.002097453
id23636,0.001047491,0.996492374,0.002460135
id09791,0.046615521,0.01390976,0.939474719
id05680,0.000216888,0.714449817,0.285333295
id03672,4.07E-06,0.999445776,0.00055015
id04286,4.76E-07,0.99983629,0.000163234
id23883,6.70E-07,0.675258501,0.32474083
id11914,0.453096772,0.000318947,0.546584281
id20974,0.000116077,0.999882485,1.44E-06
id26125,4.33E-06,3.84E-09,0.999995666
id15543,0.028738494,7.99E-07,0.971260706
id19471,0.999999804,6.68E-09,1.90E-07
id11503,0.898041355,0.091563984,0.010394661
id09321,0.000346867,0.998468747,0.001184386
id25560,5.18E-13,9.85E-12,1
id06726,0.475559678,0.236092229,0.288348092
id05709,0.999412225,1.57E-08,0.00058776
id09788,0.001468643,0.870807721,0.127723635
id05289,1,1.34E-15,2.44E-19
id11815,0.00044845,0.999540045,1.15E-05
id22422,0.841117492,0.023088964,0.135793544
id25954,0.993398024,5.32E-06,0.006596652
id13601,0.462196123,0.337158788,0.20064509
id05677,0.865899227,2.42E-05,0.134076533
id10498,2.42E-05,0.999975752,1.08E-10
id02665,0.064440007,0.930961484,0.004598509
id10114,8.33E-05,0.994226994,0.005689751
id26314,0.98927996,0.010396419,0.000323622
id21240,0.169806385,0.371833044,0.458360571
id15569,0.999997895,2.09E-06,1.31E-08
id25928,0.068367228,0.028035083,0.90359769
id22706,2.77E-05,0.999972273,5.15E-11
id20877,2.04E-11,0.999996575,3.43E-06
id04318,0.976303521,0.000647719,0.02304876
id18299,0.225308489,0.714710022,0.059981489
id08126,1.67E-06,7.82E-13,0.999998325
id14293,0.576304631,2.04E-06,0.423693328
id12759,0.999996462,2.23E-08,3.52E-06
id11983,0.97884033,0.017952999,0.003206671
id05580,0.026357689,0.96343046,0.010211851
id25846,0.060054364,0.652440388,0.287505248
id01939,0.228329886,0.013269718,0.758400395
id26327,0.027421116,0.735008414,0.23757047
id11068,1.26E-07,4.36E-11,0.999999874
id08404,0.999987101,1.05E-06,1.18E-05
id27189,0.686163239,0.313811968,2.48E-05
id15119,2.19E-05,0.998165355,0.001812772
id26525,0.999852481,8.13E-08,0.000147438
id03618,0.620486337,0.378093267,0.001420396
id27220,0.999998173,1.82E-06,9.52E-09
id18777,0.003292584,0.000149634,0.996557782
id20213,0.97100856,0.001202722,0.027788718
id20403,0.999625996,0.000362333,1.17E-05
id03777,0.076808811,0.000111894,0.923079295
id10595,2.56E-05,0.999974033,3.85E-07
id13816,0.063194262,4.08E-05,0.936764903
id05667,1.63E-06,8.63E-09,0.99999836
id24629,0.307351219,0.06568352,0.626965261
id20398,0.009429767,0.002752849,0.987817385
id14108,2.88E-09,4.57E-11,0.999999997
id06196,7.60E-09,0.999999991,1.55E-09
id02800,0.515025732,0.476375763,0.008598505
id18732,1.23E-06,0.999994529,4.24E-06
id11915,4.15E-06,0.999647144,0.000348708
id09739,0.973998511,0.003682734,0.022318755
id24672,0.999999838,1.60E-07,1.73E-09
id00414,1.57E-15,2.21E-15,1
id16307,0.999978162,5.29E-06,1.66E-05
id14043,0.088269685,0.023996499,0.887733816
id00517,2.04E-18,5.62E-26,1
id09744,0.999999999,1.15E-09,3.12E-17
id19257,0.999899782,4.86E-06,9.54E-05
id15437,0.057267436,0.940441148,0.002291416
id16352,1.17E-05,8.96E-06,0.999979348
id18849,0.628393987,0.13454373,0.237062283
id19434,2.14E-13,1,9.27E-19
id17928,0.001498038,0.000231853,0.998270109
id16896,0.005826096,4.17E-07,0.994173487
id02135,0.176354702,0.341535511,0.482109787
id15075,0.999640537,0.000347035,1.24E-05
id27486,6.38E-13,1,2.60E-16
id19422,0.998376461,0.001615187,8.35E-06
id09603,0.000147943,0.997016112,0.002835945
id02133,0.000480721,0.999357665,0.000161615
id03441,0.510436186,2.73E-05,0.489536559
id02398,8.48E-09,0.999999992,1.17E-12
id05152,0.196562033,0.00044173,0.802996238
id17838,0.005665564,8.07E-05,0.994253696
id25060,1,1.62E-11,3.92E-12
id09998,0.000397531,0.00067407,0.998928399
id01828,0.000145782,0.999801339,5.29E-05
id25377,0.164725526,0.011595764,0.82367871
id22175,0.002762861,0.997165578,7.16E-05
id02974,0.000647097,3.54E-06,0.999349367
id26955,0.999999581,4.18E-07,4.15E-10
id21091,0.999563209,1.00E-05,0.000426758
id12802,0.999978926,2.09E-05,2.08E-07
id07432,3.23E-15,1,8.24E-16
id18749,0.001011013,0.982769047,0.01621994
id15030,2.36E-08,1.39E-09,0.999999975
id17155,5.13E-06,0.999994838,3.67E-08
id08128,1.60E-08,0.999981448,1.85E-05
id25706,1.53E-09,0.999999324,6.75E-07
id15645,0.964030138,0.033999695,0.001970168
id04943,0.988524986,0.007003666,0.004471348
id27566,6.26E-07,1.28E-07,0.999999246
id11765,0.065838722,0.692452742,0.241708536
id13783,0.074631972,0.683939322,0.241428706
id00492,3.41E-07,1.45E-07,0.999999515
id27636,2.39E-05,1.33E-07,0.999975982
id04273,0.998706503,0.000814115,0.000479382
id02537,0.090787676,0.05255336,0.856658964
id24349,0.972230502,0.027767994,1.50E-06
id00023,4.17E-10,0.999999294,7.05E-07
id23025,0.030920005,0.968967948,0.000112047
id08722,0.902527977,0.003765404,0.093706619
id02420,1,8.33E-14,2.59E-17
id10811,0.999972421,6.25E-06,2.13E-05
id04019,4.75E-07,9.14E-08,0.999999433
id18334,0.999690402,0.000309037,5.61E-07
id16781,0.938855658,0.051753468,0.009390874
id08773,0.041564272,0.958435502,2.26E-07
id19214,0.995550028,0.004077078,0.000372894
id09589,3.31E-09,0.99999995,4.62E-08
id24246,0.99978303,0.000216869,1.02E-07
id23577,0.802466376,0.19752425,9.37E-06
id09305,0.929167599,0.008832737,0.061999664
id16460,0.672903225,0.01528935,0.311807425
id21115,0.798967309,0.12452824,0.076504451
id25996,0.62851264,0.029739622,0.341747738
id02551,3.90E-09,1.27E-07,0.999999869
id19352,1.65E-06,4.55E-14,0.999998353
id03806,0.000416945,4.63E-06,0.999578423
id26544,0.849009348,0.006590623,0.14440003
id18761,0.995813145,0.000197443,0.003989412
id24148,1.38E-05,0.999986126,3.94E-08
id16095,0.000845019,0.998791214,0.000363766
id18442,0.990702872,0.004027378,0.00526975
id22596,1.92E-14,5.91E-18,1
id23002,0.00012587,1.54E-05,0.999858706
id04797,0.999999991,4.14E-09,5.28E-09
id06610,0.000852413,1.98E-06,0.999145612
id16173,0.170525954,0.774040004,0.055434042
id18292,0.000162599,9.91E-07,0.99983641
id27328,0.999955707,7.04E-07,4.36E-05
id01695,1.56E-05,0.999984445,4.94E-09
id05761,0.738898597,2.49E-06,0.261098916
id16354,0.988846998,7.56E-05,0.011077444
id12207,0.000401125,0.535949183,0.463649692
id05665,0.000258233,6.24E-08,0.999741705
id01911,0.98964181,0.010315128,4.31E-05
id19153,0.000195198,2.49E-06,0.999802308
id10295,0.374872355,0.624954231,0.000173413
id23038,0.683979347,0.297631966,0.018388687
id23783,0.00510437,0.99489536,2.71E-07
id27879,0.897161023,0.102833975,5.00E-06
id19190,5.25E-06,0.999994746,1.78E-11
id05065,0.999893307,0.000101644,5.05E-06
id21296,2.94E-05,0.999943165,2.74E-05
id13262,0.013842338,0.064641748,0.921515915
id10333,0.999998546,4.25E-07,1.03E-06
id16677,0.002093706,0.991817411,0.006088883
id01392,0.407709548,0.000645256,0.591645197
id27874,0.648683022,0.261251021,0.090065957
id02294,3.47E-05,0.999709982,0.000255311
id18298,5.71E-05,0.004346581,0.995596361
id06997,0.999989475,4.17E-07,1.01E-05
id05243,0.040487655,0.397820488,0.561691857
id00860,4.05E-05,0.999872778,8.68E-05
id26681,1,6.23E-13,1.46E-12
id06020,7.83E-11,6.17E-23,1
id27683,0.358753181,0.410177932,0.231068886
id17655,9.51E-12,1,1.16E-17
id08817,0.000189063,1.50E-05,0.999795953
id11512,1.19E-09,2.16E-07,0.999999782
id00478,0.018077087,1.30E-05,0.981909887
id02116,0.998851638,0.00037191,0.000776453
id06746,0.999889362,3.86E-05,7.21E-05
id03863,0.319328499,0.666316385,0.014355116
id01802,0.000107615,0.999772868,0.000119517
id11682,0.556780986,1.42E-06,0.443217593
id04033,8.02E-05,0.999634206,0.000285642
id09286,0.190502803,0.53149309,0.278004107
id12904,0.999999976,2.37E-08,7.09E-12
id07420,4.59E-09,3.57E-10,0.999999995
id22398,1.93E-17,1,2.04E-15
id00424,0.000183808,4.07E-05,0.999775517
id20960,0.999838043,0.000161618,3.39E-07
id10267,0.549470219,0.297280401,0.15324938
id19330,0.123331087,4.96E-07,0.876668417
id00994,5.59E-08,0.999999934,1.01E-08
id10785,0.951176595,0.005944188,0.042879217
id00955,4.16E-05,0.999881178,7.72E-05
id09757,1.63E-07,0.999999835,2.08E-09
id10030,0.017000484,0.014397347,0.968602168
id22952,0.010534264,0.0371285,0.952337236
id21955,4.25E-09,4.32E-08,0.999999953
id07674,0.913604262,0.000466943,0.085928795
id13760,2.04E-07,0.999999796,6.01E-10
id18166,0.99971642,1.22E-06,0.000282358
id23498,0.969472456,0.030519253,8.29E-06
id05296,0.999421989,7.09E-07,0.000577302
id26709,0.99997771,1.22E-05,1.00E-05
id02853,0.997510042,0.002440248,4.97E-05
id06800,0.076760941,0.069008963,0.854230096
id14758,0.038694685,0.929561066,0.031744249
id12356,0.999999927,6.96E-08,3.09E-09
id21492,0.985738339,0.013028783,0.001232878
id27540,0.991989945,8.00E-12,0.008010055
id07376,0.054936636,0.340014626,0.605048738
id15201,0.652222905,0.34761998,0.000157114
id23388,1.49E-06,0.999981585,1.69E-05
id13923,0.000646576,0.999353411,1.36E-08
id00794,2.13E-08,0.999999977,1.73E-09
id23910,0.149872631,0.034129261,0.815998108
id02556,0.004258194,0.051613419,0.944128387
id22151,5.98E-09,0.999999994,1.93E-11
id11698,0.000806205,0.993832519,0.005361276
id11627,0.918122928,0.001661459,0.080215614
id06340,0.999999999,6.80E-10,4.02E-11
id05123,0.941902572,0.037785453,0.020311975
id26620,8.02E-08,6.14E-11,0.99999992
id04002,0.000131495,0.002804584,0.997063921
id26554,0.274248896,0.006242278,0.719508827
id18012,0.000131512,0.000465683,0.999402805
id12964,0.019387578,0.003263436,0.977348986
id18965,4.18E-06,0.999478752,0.000517069
id19082,0.00408132,2.52E-08,0.995918655
id26742,3.92E-07,7.72E-13,0.999999608
id15442,0.00465016,0.995339795,1.00E-05
id16647,0.442131871,0.036169013,0.521699116
id11544,0.013350556,0.000407163,0.986242281
id20581,0.15188612,0.022284633,0.825829247
id13192,0.010266875,0.988816061,0.000917064
id15814,0.08806265,0.001304874,0.910632476
id26279,8.52E-05,0.999914497,3.43E-07
id00240,0.99794435,0.001567702,0.000487948
id22836,0.999999999,8.52E-10,5.92E-11
id15085,7.33E-06,0.987907919,0.012084755
id17495,0.637533797,0.000392228,0.362073975
id26762,0.860447004,0.00035629,0.139196706
id13685,0.9999963,8.23E-12,3.70E-06
id16560,2.07E-06,0.999997723,2.04E-07
id17184,2.39E-08,0.999996088,3.89E-06
id21635,0.99999999,1.62E-09,8.38E-09
id26751,0.053517459,0.810306815,0.136175726
id12351,0.99995772,1.33E-05,2.90E-05
id14872,0.577527939,0.275001497,0.147470564
id18372,0.997251452,0.002747365,1.18E-06
id26851,0.926192021,0.043135408,0.030672571
id22659,0.210556542,0.789443265,1.93E-07
id04102,6.95E-06,6.55E-12,0.999993048
id02353,5.19E-07,0.999998811,6.70E-07
id26721,0.999999995,4.68E-09,1.28E-11
id11171,0.98631273,8.31E-05,0.013604195
id13562,0.404202369,0.432770516,0.163027115
id26425,0.583923586,0.002014542,0.414061872
id26394,0.697169526,2.98E-05,0.302800647
id22187,0.102700688,0.872002425,0.025296887
id00422,1,1.95E-15,2.68E-11
id22667,2.87E-14,1,9.74E-22
id00911,0.943432679,0.001493646,0.055073675
id17291,0.000125372,1.52E-09,0.999874626
id01915,0.007626485,0.003765684,0.98860783
id01434,0.003110176,0.001744244,0.99514558
id01584,0.938933958,0.001019692,0.06004635
id09266,0.999996788,2.10E-08,3.19E-06
id17494,7.07E-07,0.999998388,9.05E-07
id24919,0.046710038,0.271531672,0.68175829
id21043,2.41E-08,6.77E-21,0.999999976
id17796,4.19E-07,0.999999581,8.66E-10
id02166,0.137074979,2.50E-10,0.862925021
id17503,0.995607065,1.53E-09,0.004392934
id21203,0.05164623,0.070718712,0.877635058
id25626,1,1.35E-14,1.04E-11
id09836,0.999999007,5.80E-07,4.12E-07
id24202,1.17E-05,0.000384227,0.999604115
id27260,0.783212623,0.00524603,0.211541347
id23167,6.98E-08,3.17E-10,0.99999993
id10393,0.000654779,0.999162045,0.000183176
id01171,0.995050317,0.004949682,5.75E-10
id06380,0.999531605,0.000407598,6.08E-05
id22686,0.024245853,2.37E-06,0.975751778
id26250,0.213115944,0.005674428,0.781209628
id09315,0.015800087,0.979538673,0.00466124
id00886,0.00021737,0.999321092,0.000461538
id03101,0.999964054,1.84E-05,1.75E-05
id12367,0.816121081,9.74E-05,0.183781565
id10770,0.872063911,0.005283876,0.122652213
id14949,2.01E-07,0.999999798,4.34E-10
id14141,0.01135263,0.988647365,5.70E-09
id25417,0.04139466,0.957461699,0.001143642
id26873,0.939100921,0.00427908,0.056619999
id10818,0.013999639,1.42E-05,0.985986191
id15146,0.828923247,0.006968422,0.164108332
id23328,0.999781687,8.03E-05,0.000137995
id16765,0.053357674,0.4978009,0.448841426
id24383,0.999948443,3.05E-10,5.16E-05
id21304,0.998127842,0.000705732,0.001166426
id12551,2.91E-08,0.999999971,1.15E-11
id23274,8.63E-06,0.000198162,0.999793205
id08117,0.891401843,0.002823074,0.105775083
id23961,0.999998884,8.79E-09,1.11E-06
id13865,1.04E-06,0.999998815,1.43E-07
id22807,0.029230374,0.000140147,0.970629479
id08951,0.005623679,0.00165686,0.992719461
id18684,0.999935603,6.20E-05,2.43E-06
id25179,0.003689432,0.918026525,0.078284042
id27033,0.999551363,2.54E-13,0.000448637
id13977,0.032043278,0.962965108,0.004991614
id19337,1.40E-09,0.999993459,6.54E-06
id25764,2.81E-06,0.999996772,4.15E-07
id16106,0.007424429,0.001315763,0.991259808
id05468,3.55E-05,3.38E-09,0.99996449
id05241,0.996295667,4.98E-07,0.003703836
id10215,0.556941517,0.099046812,0.344011671
id23457,2.37E-09,3.49E-06,0.999996508
id02200,,,
id13714,0.001675815,0.998272928,5.13E-05
id20332,1.30E-17,3.43E-21,1
id18573,0.00467535,0.010818386,0.984506264
id08569,,,
id22767,0.992126069,0.004152479,0.003721453
id25390,0.004454416,0.993025758,0.002519826
id09288,0.999999525,1.21E-08,4.63E-07
id12381,0.999999855,1.29E-07,1.58E-08
id02895,0.000474181,3.97E-05,0.999486085
id25270,7.09E-11,2.79E-16,1
id14248,0.076448637,0.030566115,0.892985248
id12831,0.997357478,6.45E-09,0.002642515
id18305,0.703344746,0.000711866,0.295943388
id07805,0.999999963,3.57E-08,1.13E-09
id14027,0.054355158,0.032452999,0.913191843
id02760,0.134692957,0.145330056,0.719976987
id24362,0.999548646,0.00034016,0.000111193
id17065,0.014779229,0.985220769,1.69E-09
id26583,8.87E-08,0.986814647,0.013185264
id19664,,,
id25145,0.740959376,0.101533669,0.157506956
id17858,0.000652456,0.99934686,6.84E-07
id05148,0.034309146,0.881502997,0.084187857
id22928,0.531178081,0.408874049,0.05994787
id21549,0.000178658,5.88E-15,0.999821342
id12649,0.001629235,0.998370594,1.70E-07
id21597,0.93340853,0.023839056,0.042752414
id27945,0.987030656,0.012833956,0.000135389
id00243,0.999999579,1.78E-11,4.21E-07
id02745,0.999998548,2.03E-08,1.43E-06
id23550,0.000933164,0.000107526,0.99895931
id13023,0.084163687,1.31E-08,0.9158363
id24796,0.005641598,1.60E-06,0.994356806
id12284,0.015027172,0.984900689,7.21E-05
id02664,2.55E-23,1,3.81E-15
id23767,0.999999076,3.99E-07,5.24E-07
id05859,2.01E-07,0.99950895,0.000490849
id14350,0.237271822,0.716801577,0.045926602
id01191,0.067583854,0.93051008,0.001906066
id17034,0.199773921,0.001999873,0.798226206
id25292,0.999991541,8.46E-06,5.06E-10
id22121,0.999999974,2.75E-10,2.53E-08
id20872,0.999994624,3.77E-07,5.00E-06
id17720,0.000145166,0.999853577,1.26E-06
id22658,0.00733765,0.992653876,8.47E-06
id09567,0.900219657,0.098295793,0.00148455
id16445,0.992744051,0.006120249,0.0011357
id08349,0.028189217,0.014634843,0.95717594
id27437,0.027400627,0.895289113,0.07731026
id03812,1,4.20E-10,5.74E-11
id22304,0.931769254,0.064088734,0.004142012
id04449,0.080309006,0.911507386,0.008183608
id15605,0.27564614,0.031219964,0.693133896
id01768,0.547666355,0.132734155,0.319599489
id20019,0.758794708,0.233882861,0.007322431
id09593,3.54E-05,0.893856423,0.106108169
id23179,0.189077209,0.000156031,0.81076676
id21279,0.999935329,1.21E-05,5.25E-05
id06711,2.27E-06,3.14E-09,0.999997726
id14243,1.12E-09,0.999999983,1.63E-08
id04839,5.52E-08,2.01E-06,0.999997934
id17220,1.67E-06,0.999369014,0.000629317
id24177,0.957245449,0.008141602,0.034612949
id20512,1.41E-05,2.39E-06,0.999983482
id14036,3.78E-07,0.999999622,4.35E-11
id25001,0.000278406,5.57E-05,0.999665886
id06175,1.19E-10,1,2.13E-11
id24720,0.002787255,0.996647057,0.000565688
id08070,0.999951397,4.84E-05,1.94E-07
id18934,0.999933929,4.35E-05,2.26E-05
id01338,0.999999888,1.07E-11,1.12E-07
id19008,7.98E-07,0.999997321,1.88E-06
id19632,0.002171128,0.932659106,0.065169766
id26224,0,0,1
id08219,0.974287463,6.56E-05,0.025646977
id24008,4.86E-13,6.62E-20,1
id12475,0.218624427,0.780425048,0.000950524
id05766,0.396090963,0.012560779,0.591348258
id27386,1.61E-09,0.999999998,2.36E-10
id12476,4.30E-13,1,2.92E-20
id08311,0.945924896,0.054057898,1.72E-05
id04996,0.515110313,0.484517049,0.000372638
id17350,0.174397455,0.825602098,4.46E-07
id05546,2.10E-07,0.99999979,1.34E-10
id16504,1.17E-05,0.999988276,1.22E-09
id05782,1.25E-08,9.18E-09,0.999999978
id20560,0.994678219,0.004359432,0.000962349
id14171,0.001739975,0.01212681,0.986133215
id27461,0.546853768,0.025455093,0.427691139
id03581,0.063131235,0.004718917,0.932149848
id21847,0.004699214,2.88E-05,0.995271939
id11712,0.990324023,0.000286787,0.00938919
id26738,0.000120937,2.87E-05,0.999850322
id13668,0.99999993,6.98E-08,4.09E-14
id15114,0.999999999,1.17E-11,1.34E-09
id20130,0.451504764,0.004092261,0.544402975
id18331,0.611952351,1.66E-08,0.388047632
id24465,1,1.18E-12,1.05E-13
id13539,0.999996662,3.32E-06,2.11E-08
id27564,1.04E-06,0.999868829,0.000130126
id26043,3.88E-06,2.98E-09,0.999996113
id04965,4.02E-07,9.87E-06,0.999989732
id08645,3.14E-09,1.10E-09,0.999999996
id26610,0.303604961,0.191960698,0.504434341
id21737,0.072460496,0.927103622,0.000435882
id25784,3.21E-20,1,2.77E-14
id23030,0.984984313,0.002281932,0.012733755
id16450,3.21E-09,0.999999839,1.57E-07
id02161,0.63020378,0.003096918,0.366699302
id25535,0.999979678,7.01E-07,1.96E-05
id16566,0.997921836,9.41E-09,0.002078155
id05714,1,5.65E-13,3.83E-13
id16524,0.317663658,0.682317093,1.92E-05
id23941,1.08E-05,0.999106095,0.000883074
id00831,4.52E-08,0.000150875,0.999849079
id18145,0.155159471,0.019271113,0.825569416
id17227,1,7.20E-26,1.20E-19
id09417,0.530021139,0.052292023,0.417686838
id21307,0.588004679,0.332034981,0.07996034
id05650,7.58E-12,1,4.18E-18
id23901,0.77928557,0.071262105,0.149452326
id05831,1,1.21E-18,3.84E-10
id16708,7.11E-06,0.999990518,2.37E-06
id02281,0.005472859,0.00655806,0.987969081
id11599,0.450148227,0.227236363,0.32261541
id18353,0.006875412,0.972132582,0.020992007
id07413,0.206574287,0.793307072,0.000118642
id15653,6.00E-05,0.999895765,4.42E-05
id09715,2.79E-07,1.25E-11,0.999999721
id05108,0.002519654,0.997480105,2.41E-07
id09537,0.789383714,0.002980097,0.207636189
id27596,0.997277379,0.002545923,0.000176698
id24255,2.41E-05,2.15E-09,0.999975889
id05080,1.68E-13,3.47E-15,1
id09484,0.999996739,1.42E-07,3.12E-06
id14864,0.016033171,2.68E-05,0.98394005
id26836,0.417979993,0.385171774,0.196848234
id07003,0.715662377,0.284189721,0.000147903
id13750,1.01E-18,1,4.43E-26
id21799,0.000219486,0.873515859,0.126264655
id11285,1,3.45E-16,2.73E-15
id04735,0.999867361,0.000119991,1.26E-05
id23049,2.91E-11,1.74E-07,0.999999826
id05826,0.050066712,0.85387891,0.096054378
id17916,0.187754945,0.812236851,8.20E-06
id14081,0.059046344,1.27E-11,0.940953656
id10527,0.000158234,1.18E-10,0.999841766
id16059,2.33E-05,0.997142443,0.002834237
id25542,0.999999993,6.76E-09,2.31E-13
id05402,3.35E-05,0.003143122,0.996823346
id01927,0.999628909,4.84E-06,0.000366249
id27656,0.457941277,5.73E-06,0.542052988
id06708,0.021604528,0.055318924,0.923076547
id03524,0.536231985,0.421706537,0.042061478
id12297,0.999199733,6.60E-05,0.000734236
id03439,0.999991526,8.44E-06,3.35E-08
id04587,3.25E-18,1,4.21E-19
id25470,4.65E-10,1,6.14E-24
id01212,0.019915156,0.979863326,0.000221518
id13932,0.240362299,0.668715925,0.090921776
id00124,0.000105322,1.81E-05,0.999876591
id01592,0.999956335,2.03E-07,4.35E-05
id13461,0.855390235,0.096960881,0.047648884
id24681,0.000144965,0.001463954,0.998391081
id23245,0.030234036,1.69E-06,0.969764273
id14073,0.13485747,0.004659129,0.860483401
id05172,0.995563315,4.06E-07,0.004436279
id21979,0.985923042,0.01018328,0.003893678
id00328,0.325535238,0.001392894,0.673071867
id26102,0.999973473,2.63E-05,2.73E-07
id14867,0.000330238,0.000240141,0.999429621
id27544,4.73E-08,0.999999953,6.14E-13
id16228,0.997573059,2.39E-05,0.002403082
id16342,0.269607999,0.722785412,0.007606589
id24933,0.999999999,2.11E-10,8.39E-10
id04601,0.883752989,0.062950224,0.053296787
id01599,9.71E-07,0.999974717,2.43E-05
id06238,0.9967241,0.002382357,0.000893543
id06826,0.412341609,0.435200013,0.152458378
id23307,0.993475032,0.006524968,1.28E-11
id13575,0.999789759,0.000196446,1.38E-05
id24174,0.005583644,0.000329314,0.994087042
id19534,0.018648054,0.063006146,0.918345801
id19602,4.68E-06,2.54E-09,0.999995315
id26962,0.000136958,0.999858527,4.52E-06
id04448,0.056284362,0.943715626,1.24E-08
id09786,0.12572578,0.874105489,0.000168732
id25240,0.049477057,0.944700278,0.005822664
id14893,0.774144938,0.225854813,2.49E-07
id24221,0.999999984,1.59E-08,2.87E-10
id04696,0.237417723,0.002284688,0.760297588
id15153,0.001410228,0.957245197,0.041344574
id13882,5.64E-24,1,9.33E-24
id17836,0.00034942,0.999519136,0.000131444
id00574,5.85E-06,0.99999411,4.24E-08
id02078,0.000237884,0.979722096,0.02004002
id21206,0.000725578,0.999106863,0.00016756
id20084,0.960389311,1.22E-06,0.039609474
id26598,1.95E-05,1.10E-11,0.99998049
id06838,0.003163937,5.16E-06,0.996830904
id08786,0.000311899,7.30E-06,0.9996808
id09550,4.24E-05,5.75E-05,0.999900064
id10206,0.99990276,3.26E-05,6.47E-05
id21113,0.99944396,4.55E-06,0.000551485
id21151,0.037320974,0.962675256,3.77E-06
id02692,1,6.66E-17,6.87E-15
id26446,0.848719981,0.054169098,0.097110921
id07377,0.006345308,0.993651312,3.38E-06
id15998,0.999722237,0.000221821,5.59E-05
id19637,0.999965387,1.77E-08,3.46E-05
id19735,0.003569081,0.989327309,0.00710361
id13739,0.020556144,4.89E-05,0.979394911
id25175,0.870152057,0.069689039,0.060158904
id00563,0.035257611,0.850542928,0.11419946
id09982,0.997603918,7.75E-08,0.002396005
id15459,5.04E-20,1,7.47E-29
id20785,1.57E-09,2.41E-14,0.999999998
id07145,2.47E-09,0.023879836,0.976120162
id22204,0.166211675,0.813839586,0.019948739
id09285,0.958804169,1.14E-05,0.0411844
id18157,5.13E-05,5.54E-05,0.999893235
id12134,3.11E-05,0.000217966,0.999750948
id23914,0.999989399,2.60E-08,1.06E-05
id10483,0.999997188,2.78E-06,2.76E-08
id07092,0.991642403,0.002850789,0.005506807
id14786,1.14E-06,0.000411063,0.999587796
id25741,0.936292876,0.000255351,0.063451772
id09050,0.018155818,0.981841922,2.26E-06
id04938,0.998996951,2.31E-05,0.000979998
id05901,0.137550565,0.238794199,0.623655236
id16975,0.00032774,0.999671532,7.28E-07
id08547,1.50E-07,1.85E-12,0.99999985
id16355,0.740002576,9.60E-05,0.259901377
id14568,0.281520368,2.51E-05,0.718454538
id25599,5.08E-05,0.808693815,0.191255348
id01670,1.88E-07,0.999999773,3.90E-08
id23945,3.09E-05,0.999969069,6.75E-13
id17394,5.99E-05,1.41E-07,0.999939932
id06501,0.023509049,0.958082172,0.018408779
id26234,0.006020212,0.993973363,6.43E-06
id21280,1.57E-08,7.58E-15,0.999999984
id20048,1.43E-05,7.53E-05,0.999910383
id01216,0.011629444,0.913566967,0.074803589
id25320,0.999877713,5.14E-07,0.000121773
id22833,8.85E-06,0.000357765,0.999633385
id22056,0.113541702,0.785123787,0.101334511
id02275,4.46E-06,0.999901725,9.38E-05
id26127,0.213289166,0.000210113,0.786500721
id17011,7.87E-05,0.999921308,4.35E-09
id13847,0.972029613,0.000458505,0.027511881
id00013,9.77E-05,0.999886024,1.63E-05
id16463,0.997519939,2.82E-05,0.002451847
id04845,0.011098324,0.969677566,0.01922411
id01787,2.77E-06,0.001334024,0.998663202
id08637,0.999961852,3.78E-05,3.57E-07
id11414,1.50E-10,2.79E-14,1
id13177,0.034525546,0.701304724,0.26416973
id24517,0.999999947,5.23E-08,9.87E-10
id26838,0.995252967,0.00018292,0.004564113
id23081,5.95E-06,0.999968295,2.58E-05
id16327,0.017059682,0.982793376,0.000146943
id27282,,,
id07489,0.218730738,0.022702691,0.758566572
id01718,4.60E-08,2.46E-09,0.999999952
id15441,0.760609365,0.115487829,0.123902806
id27736,4.86E-05,0.680848063,0.319103377
id16324,3.55E-08,5.93E-05,0.999940706
id12027,0.007765909,0.000463451,0.99177064
id24653,1.09E-08,0.999999989,1.05E-17
id17541,0.018888643,0.001740675,0.979370682
id22406,0.004015023,0.832979398,0.16300558
id18356,0.889297397,0.107933234,0.002769368
id04505,0.350876679,0.339438367,0.309684954
id04246,0.197429897,0.469633786,0.332936318
id07368,0.89995193,0.034310802,0.065737268
id26185,3.75E-07,5.90E-11,0.999999624
id08878,0.015815149,0.899125995,0.085058856
id27691,1.44E-09,2.27E-11,0.999999999
id18004,0.342434849,0.465722119,0.191843032
id24426,0.992355913,0.006917568,0.000726518
id14164,0.999764311,0.000209395,2.63E-05
id12653,8.26E-12,0.999999824,1.76E-07
id18060,0.339031878,0.130938655,0.530029467
id18556,0.501640838,0.13543953,0.362919632
id27371,0.000200447,0.014384417,0.985415136
id11989,0.013925675,0.98248813,0.003586195
id26095,0.999999702,2.36E-07,6.13E-08
id24978,0.414063674,0.078899468,0.507036858
id20322,0.112964015,4.46E-05,0.886991416
id01954,0.994020508,0.005979246,2.46E-07
id07434,0.023290251,0.255857732,0.720852016
id18144,5.93E-08,1.67E-07,0.999999773
id16250,0.591208219,0.406653957,0.002137824
id17793,1.61E-12,6.78E-08,0.999999932
id24067,0.015195731,1.41E-05,0.984790168
id13891,8.85E-05,6.30E-11,0.999911508
id07334,0.181123156,0.584480804,0.23439604
id15633,3.77E-07,0.999998166,1.46E-06
id23239,0.999282985,9.09E-05,0.000626157
id10674,0.005608464,0.003992101,0.990399435
id22093,0.303522107,0.517992432,0.178485462
id08444,0.293433562,0.555492885,0.151073553
id03257,2.79E-06,1.19E-06,0.999996017
id10040,0.010643347,0.989353673,2.98E-06
id04902,4.84E-10,5.29E-17,1
id01219,0.91861327,0.072677603,0.008709127
id01340,0.984803077,0.012029534,0.003167389
id05117,0.000250922,0.999740943,8.13E-06
id04908,0.000158698,1.91E-11,0.999841302
id03626,1.64E-08,7.03E-15,0.999999984
id01888,0.999999998,1.54E-09,5.12E-11
id17199,3.85E-05,7.02E-08,0.999961388
id11200,0.739421548,0.253969533,0.006608919
id27561,0.184305579,0.014452514,0.801241906
id20966,2.68E-08,0.999999969,3.86E-09
id10257,0.000239953,0.999755131,4.92E-06
id21168,4.60E-07,0.998632159,0.001367381
id23363,1.62E-09,1.19E-12,0.999999998
id05321,0.999914359,3.61E-05,4.96E-05
id09928,3.57E-07,2.37E-09,0.99999964
id18015,,,
id02082,6.00E-06,0.999993998,2.43E-09
id19279,0.980611046,0.003128321,0.016260633
id08541,0.105229351,0.842312364,0.052458284
id15249,2.62E-07,0.999997799,1.94E-06
id03609,0.000186896,0.994249336,0.005563768
id22902,1.54E-07,1.05E-10,0.999999845
id17733,0.999999999,6.56E-10,1.96E-16
id07554,8.36E-05,0.000675346,0.999241041
id14120,0.991681196,5.00E-05,0.008268834
id21802,1.13E-05,0.999978921,9.82E-06
id15614,1.18E-05,0.999988001,2.41E-07
id19437,7.19E-13,3.79E-19,1
id22698,0.966978809,0.032693066,0.000328125
id21841,1.29E-08,0.999999874,1.13E-07
id16177,0.991240918,0.008501499,0.000257583
id15887,0.00028844,0.000177367,0.999534193
id22629,0.461014134,0.041066181,0.497919685
id10346,0.979077477,0.006249204,0.01467332
id05154,0.984800817,0.003920647,0.011278536
id22913,0.649764893,0.339277244,0.010957863
id10544,0.011706338,0.567357204,0.420936459
id08703,6.97E-05,0.999930343,1.78E-10
id12817,0.027017225,0.000365598,0.972617177
id25433,0.998667004,0.001095941,0.000237055
id25112,0.001445278,7.87E-08,0.998554643
id05054,1.37E-05,0.975728011,0.024258336
id02311,0.013904362,0.952118792,0.033976847
id22160,0.016957835,0.982566335,0.00047583
id17422,1,2.43E-12,8.44E-14
id18985,0.993754436,0.006154417,9.11E-05
id21905,5.18E-05,1.98E-07,0.999947958
id17474,0.999998528,9.69E-08,1.37E-06
id15236,9.26E-10,0.999999994,5.23E-09
id13964,0.842519137,0.014159594,0.143321269
id15962,1.86E-09,0.999999998,1.17E-10
id20866,0.003342704,0.043044157,0.953613139
id06625,0.19425023,0.002059854,0.803689915
id09793,0.115753379,0.000420033,0.883826588
id17365,2.34E-08,0.999999976,9.02E-10
id18463,0.000260739,0.999734501,4.76E-06
id20693,0.002198838,0.964295198,0.033505964
id08785,3.97E-11,1,8.94E-12
id06783,0.000110775,0.998930303,0.000958923
id23178,0.000156788,4.88E-08,0.999843164
id13513,2.97E-05,0.999953552,1.68E-05
id25361,2.20E-07,6.08E-10,0.999999779
id22319,0.613257908,0.244196811,0.14254528
id14024,0.329889249,0.173466387,0.496644363
id24186,7.30E-08,0.999999927,2.22E-11
id20965,0.983843515,0.008353598,0.007802887
id06242,0.004597098,0.001094995,0.994307907
id25665,0.000111315,0.000778016,0.999110669
id09706,0.585220622,0.07352829,0.341251087
id11026,1.90E-19,1,1.37E-18
id04223,0.999798652,0.000198043,3.30E-06
id19674,1.31E-14,0.999999981,1.92E-08
id23420,0.000228008,0.323596885,0.676175107
id18059,0.005169932,0.993670182,0.001159886
id22576,0.988641957,0.010710347,0.000647696
id18495,1.12E-09,0.999999911,8.79E-08
id14139,0.999992056,1.29E-08,7.93E-06
id18313,0.000179446,0.999805219,1.53E-05
id27356,0.999999996,3.98E-09,1.11E-10
id16035,0.007361003,6.75E-09,0.99263899
id04182,0.438035193,0.389454701,0.172510106
id15667,0.999997865,4.31E-08,2.09E-06
id08713,0.999998305,1.53E-06,1.61E-07
id25563,1.54E-11,1,4.17E-10
id17023,0.999972688,2.67E-05,5.69E-07
id03014,0,1,8.85E-20
id23812,0.001007008,0.998991768,1.22E-06
id20057,0.001076271,0.492912836,0.506010892
id12385,0.632732342,0.352888167,0.014379491
id24416,0.090752191,0.909187256,6.06E-05
id15672,6.69E-05,0.99437597,0.005557086
id13868,0.999646454,0.000353546,8.17E-14
id21095,0.004061686,0.010413433,0.985524881
id05305,0.123640288,0.831471458,0.044888254
id15384,0.00328357,0.000388901,0.996327529
id14049,1.76E-07,6.23E-11,0.999999824
